1788983706.339227000 15
1788983706.638746000 14
1788983706.943223000 14
1788983707.238869000 14
1788983707.525455000 14
1788983707.806104000 16
1788983708.100251000 21
1788983708.389065000 28
1788983708.684633000 37
1788983708.976099000 44
1788983709.269896000 51
1788983709.550555000 59
1788983709.832223000 67
1788983710.127511000 69
1788983710.424986000 75
1788983710.707855000 80
1788983710.995564000 84
1788983711.280594000 85
1788983711.564899000 93
1788983711.856704000 102
1788983712.138883000 103
1788983712.423714000 104
1788983712.708118000 104
1788983712.988560000 104
1788983713.274065000 104
1788983713.558616000 104
1788983713.852731000 116
1788983714.142913000 122
